-64
-64
-64
-64
-64
-64
-64
-64
-64
-64
-61
-60
-64
-64
-64
-72
-64
-64
-64
-64
-64
-64
-64
-56
-55
292
4284
7356
3853
-444
-75
-64
-64
-64
-64
-64
-64
-64
-64
-64
-64
-64
-56
-64
-64
-64
-72
-64
-64
-64
-64
-64
-64
-64
-56
-55
690
5001
6765
2208
-738
-95
-64
-64
-64
-64
-64
-64
-64
-64
-64
-64
-64
-61
-69
-69
-69
-68
-64
-64
-64
-64
-64
-64
-64
-56
-47
1247
5768
5620
794
-897
-118
-64
-64
-64
-64
-64
-64
-64
-64
-64
-64
-64
-64
-64
-64
-64
-64
-64
-64
-64
-64
-64
-64
-64
-56
-31
1807
5359
3374
-134
-793
-140
-64
-64
-64
-64
-64
-64
-64
-64
-64
-64
-64
-51
-60
-64
-51
-64
-64
-64
-64
-64
-64
-64
-64
-56
-8
2007
3854
428
-285
-555
-143
-64
-64
-64
-64
-64
-64
-64
-64
-64
-51
-48
-47
-47
-58
-56
-55
-55
-60
-64
-51
-55
-64
-64
-56
152
2120
2417
-22
-40
-359
-157
-64
-64
-64
-64
-64
-64
-64
-64
-47
-40
-46
-56
-43
-58
-44
-46
-59
-51
-59
-56
-51
-63
-64
-43
641
3128
1507
-6
158
-322
-191
-55
-55
-55
-55
-55
-55
-64
-51
-39
-39
-55
-44
-38
-74
-47
-63
-51
-52
-60
-55
-56
-71
-59
-39
1233
4773
2702
290
416
-287
-230
-55
-55
-55
-55
-55
-55
-63
-47
-55
-55
-67
-47
-55
-51
-50
-63
-47
-70
-63
-64
-64
-59
-55
-35
2102
5775
3796
-2
231
-227
-270
-64
-64
-64
-64
-64
-64
-71
-55
-64
-59
-39
-42
-26
72
-57
-58
-51
-58
-59
-64
-64
-64
-64
44
2983
5962
4435
-60
-64
-128
-368
-55
-55
-55
-55
-55
-55
-55
-28
-41
-18
27
449
1871
2519
459
-60
-71
-67
-72
-64
-64
-64
-51
386
4074
5973
4914
-65
-135
-45
-453
-63
-63
-63
-63
-63
-63
-36
312
373
812
530
844
3426
4804
2129
702
-11
-68
-54
-61
-56
-48
-44
922
5197
5355
4529
-192
-138
-4
-575
-50
-55
-59
-52
-55
-55
-20
605
1122
2071
1357
1282
3437
4563
2100
2114
1349
142
-15
-26
-50
-55
-31
2223
5905
4703
3712
-163
-83
37
-684
-60
-59
-76
-59
-68
-59
-32
310
2104
2886
1413
1516
4314
5482
2712
1773
334
497
1545
2038
1249
75
823
4408
5590
3172
2771
-32
337
347
-750
-56
-42
-53
-42
-51
-11
1185
2724
3383
3295
1226
1781
3844
4497
1527
563
-50
493
1217
2974
3412
1738
3630
5431
5180
1599
1953
118
99
-34
-842
-54
-59
-42
30
1003
2657
5371
4302
2792
1312
-59
1044
2269
2253
-32
-169
-132
623
1809
2852
2871
-7
3612
4689
3170
914
1898
656
-29
-132
-897
-51
-22
1033
3304
5707
4351
4987
2408
28
-20
-21
1235
5003
3774
2466
610
-40
460
1263
1899
858
-438
501
2316
1239
345
1000
263
-19
-46
-582
527
2779
5530
6956
6380
2314
2668
451
-157
-49
-40
2417
5106
2656
553
-238
-243
-194
-117
-60
-296
-683
-91
503
-57
-216
-248
-251
-196
-147
-359
5169
7398
6924
6030
3111
-155
3021
628
-150
1083
17
2528
3084
-210
-250
-388
-144
-40
581
1885
-178
-315
352
1607
3393
2594
1461
1568
766
-127
-532
7683
7722
5250
2819
-17
-272
2684
-52
-82
1499
155
2511
751
-234
3147
2034
2265
1985
2976
3681
-182
-268
622
1557
4524
3326
1465
1804
1754
1372
-278
3965
2972
1203
467
-378
-98
2941
-58
1750
2484
394
2707
1170
1026
4059
1982
677
-23
791
1175
-372
-255
85
1879
4593
3088
606
1100
1185
681
-267
-258
-255
-273
-287
-594
-103
1740
-100
742
762
-158
997
263
-43
1212
-128
-122
214
1172
348
-114
-171
-30
2172
3975
2467
-2
470
418
-124
-417
-99
-200
-367
-381
-425
-256
-143
-298
-347
-402
-423
-229
-275
-413
-289
-100
1335
1660
1965
162
-21
-111
-165
671
1730
162
-303
-142
-125
-529
-784
-78
-80
-104
-86
-191
-300
-189
-61
-305
-342
-128
-56
-163
-218
-200
-167
-123
-137
-301
-553
-315
-458
-516
-279
-194
-427
-614
-431
-411
-859
-408
-94
-75
-66
-59
-116
-144
-21
807
-185
-43
2672
2974
1674
948
682
-27
-349
-346
-507
-320
-368
-490
-358
-214
-200
-261
-255
-223
-296
-298
-117
-89
-76
-72
-63
-71
-60
79
1081
-135
3579
5701
4851
2716
2393
2518
936
-14
2438
-69
83
-154
-100
-76
-56
-71
-66
-59
-38
-58
-76
-80
-91
-64
-52
-59
-50
-50
217
1345
-40
4423
4857
3062
1410
1538
1443
465
2584
3922
-184
-14
-160
-79
-59
-60
-75
-62
-60
-47
-71
-79
-50
-87
-80
-64
-67
-47
-59
342
2259
-19
1299
150
-190
-259
-256
-329
-246
870
1746
-585
131
-150
-74
-64
-54
-54
-58
-60
-60
-75
-72
-46
-66
-59
-47
-55
-59
-60
957
3864
264
-201
-129
-151
-242
-325
-369
-338
-193
-73
-358
812
-176
-75
-64
-60
-64
-80
-64
-76
-72
-65
-64
-75
-60
-60
-68
-81
-56
1106
4101
-18
-323
-46
-96
-180
-191
-165
-169
-161
-110
1518
2508
-253
-99
-64
-68
-69
-68
-60
-68
-64
-64
-64
-73
-72
-59
-63
-72
-39
1299
3881
-140
-354
-69
-102
-115
-102
-90
-105
-84
226
3464
2303
-479
-99
-59
-64
-64
-64
-64
-64
-64
-64
-64
-2678
-2678
-2678
-2678
-2678
-2678
-2678
-2678
-2678
-2678
-2674
-2663
-2667
-2667
-2667
-2665
-2678
-2678
-2678
-2678
-2678
-2678
-2678
-2670
-2660
-2660
-2478
-1741
-1416
-1666
-2596
-2678
-2678
-2678
-2678
-2678
-2678
-2678
-2678
-2678
-2678
-2678
-2670
-2667
-2667
-2667
-2665
-2678
-2678
-2678
-2678
-2678
-2678
-2678
-2670
-2660
-2660
-2345
-1457
-882
-1148
-2498
-2678
-2678
-2678
-2678
-2678
-2678
-2678
-2678
-2678
-2678
-2678
-2674
-2669
-2669
-2669
-2664
-2678
-2678
-2678
-2678
-2678
-2678
-2678
-2670
-2657
-2651
-2190
-1406
-875
-1084
-2446
-2678
-2678
-2678
-2678
-2678
-2678
-2678
-2678
-2678
-2678
-2678
-2678
-2678
-2678
-2678
-2678
-2678
-2678
-2678
-2678
-2678
-2678
-2678
-2670
-2660
-2642
-2081
-1387
-975
-1133
-2415
-2678
-2678
-2678
-2678
-2678
-2678
-2678
-2678
-2678
-2678
-2678
-2672
-2670
-2678
-2672
-2673
-2678
-2678
-2678
-2678
-2678
-2678
-2678
-2670
-2668
-2587
-2054
-1487
-1322
-1455
-2425
-2678
-2678
-2678
-2678
-2678
-2678
-2678
-2678
-2678
-2672
-2669
-2669
-2659
-2661
-2674
-2662
-2676
-2670
-2678
-2672
-2675
-2673
-2678
-2670
-2670
-2483
-2083
-1704
-1711
-1816
-2436
-2678
-2678
-2678
-2678
-2678
-2678
-2678
-2678
-2672
-2666
-2661
-2652
-2646
-2641
-2656
-2658
-2652
-2656
-2673
-2672
-2662
-2662
-2673
-2668
-2660
-2340
-2124
-1893
-1786
-1854
-2376
-2675
-2675
-2675
-2675
-2675
-2675
-2673
-2672
-2670
-2646
-2641
-2642
-2638
-2635
-2653
-2640
-2641
-2651
-2651
-2665
-2661
-2654
-2663
-2670
-2654
-2160
-1883
-1936
-1812
-1818
-2335
-2665
-2665
-2665
-2665
-2665
-2665
-2662
-2667
-2661
-2640
-2633
-2638
-2626
-2624
-2642
-2642
-2644
-2638
-2648
-2657
-2657
-2652
-2665
-2662
-2642
-1998
-1464
-1514
-1796
-1780
-2243
-2657
-2657
-2657
-2657
-2657
-2657
-2654
-2660
-2657
-2653
-2634
-2633
-2614
-2605
-2623
-2632
-2634
-2637
-2648
-2657
-2657
-2657
-2657
-2655
-2568
-1871
-1102
-1076
-1609
-1733
-2055
-2654
-2654
-2654
-2654
-2654
-2654
-2652
-2648
-2650
-2641
-2628
-2592
-2503
-2378
-2413
-2629
-2634
-2633
-2636
-2650
-2657
-2657
-2651
-2657
-2448
-1748
-875
-750
-1301
-1616
-1833
-2646
-2646
-2646
-2646
-2646
-2646
-2642
-2596
-2581
-2548
-2545
-2542
-2335
-1896
-1813
-2209
-2489
-2639
-2644
-2655
-2651
-2648
-2648
-2638
-2273
-1611
-748
-567
-1123
-1431
-1613
-2641
-2644
-2645
-2639
-2644
-2644
-2642
-2564
-2445
-2314
-2293
-2334
-2155
-1525
-1286
-1499
-1842
-2252
-2521
-2596
-2656
-2649
-2633
-2606
-2084
-1452
-738
-554
-1048
-1290
-1450
-2641
-2630
-2636
-2636
-2637
-2632
-2631
-2562
-2370
-2068
-1946
-2009
-1916
-1296
-970
-989
-1088
-1571
-2024
-2255
-2352
-2545
-2641
-2479
-1872
-1318
-755
-543
-867
-1122
-1319
-2616
-2630
-2622
-2634
-2627
-2615
-2566
-2532
-2288
-1875
-1706
-1722
-1602
-1052
-730
-742
-782
-1094
-1415
-1678
-1708
-1905
-2267
-2095
-1575
-1251
-856
-653
-735
-836
-1151
-2582
-2611
-2603
-2592
-2539
-2563
-2322
-2145
-1973
-1731
-1649
-1602
-1331
-1022
-771
-760
-773
-934
-1018
-1146
-1098
-1158
-1686
-1425
-1197
-1137
-927
-720
-718
-758
-1029
-2594
-2587
-2559
-2484
-2265
-2186
-1774
-1583
-1631
-1751
-1703
-1703
-1234
-917
-748
-785
-959
-1010
-899
-738
-727
-929
-1561
-1159
-976
-998
-906
-688
-682
-716
-917
-2541
-2496
-2357
-2036
-1622
-1456
-1310
-1234
-1479
-1719
-1749
-1728
-1180
-700
-542
-551
-829
-1006
-985
-729
-646
-932
-1711
-1436
-999
-998
-1041
-878
-760
-658
-826
-2393
-2098
-1724
-1284
-1028
-1060
-1176
-1024
-1253
-1621
-1650
-1622
-1196
-764
-664
-715
-1052
-1198
-1283
-1059
-1041
-1225
-1967
-1800
-1317
-1194
-1249
-1357
-1303
-1112
-1097
-1762
-1245
-888
-761
-806
-1029
-1120
-896
-1143
-1388
-1367
-1408
-1257
-1181
-1075
-1033
-1285
-1303
-1242
-943
-863
-1477
-1888
-1885
-1342
-891
-836
-966
-971
-1063
-1313
-1291
-752
-576
-544
-635
-1083
-1155
-895
-1179
-1150
-1091
-1172
-1016
-1179
-1253
-917
-920
-952
-994
-729
-643
-1339
-1862
-1791
-1295
-708
-613
-676
-655
-679
-879
-1505
-1000
-706
-598
-672
-1319
-1205
-900
-1154
-1004
-933
-1090
-904
-948
-1102
-859
-891
-968
-1086
-926
-860
-1184
-1686
-1800
-1252
-684
-592
-634
-562
-615
-803
-2314
-2000
-1602
-1281
-1232
-1639
-1554
-1227
-1248
-1162
-1143
-1254
-1068
-1049
-1219
-1122
-1079
-1053
-961
-921
-989
-1048
-1421
-1790
-1280
-786
-674
-679
-582
-676
-1014
-2566
-2508
-2411
-2171
-2037
-2065
-2088
-1834
-1807
-1872
-1841
-1777
-1682
-1652
-1729
-1669
-1378
-1018
-918
-899
-1018
-1036
-1358
-1800
-1638
-1300
-1238
-1232
-978
-980
-1616
-2581
-2604
-2604
-2549
-2424
-2410
-2477
-2243
-2139
-2358
-2284
-2071
-1976
-1998
-2041
-2066
-2010
-1702
-1565
-1628
-1794
-1693
-1859
-2174
-2205
-2105
-2121
-2108
-1890
-1824
-2297
-2575
-2632
-2630
-2618
-2595
-2593
-2631
-2372
-2266
-2427
-2160
-1725
-1568
-1588
-1658
-1699
-1957
-2293
-2325
-2338
-2347
-2410
-2470
-2560
-2554
-2536
-2562
-2562
-2505
-2507
-2586
-2580
-2621
-2639
-2641
-2629
-2630
-2636
-2387
-2291
-2249
-1733
-1330
-1196
-1186
-1198
-1243
-1460
-1703
-1739
-2440
-2397
-2607
-2627
-2632
-2623
-2626
-2626
-2628
-2619
-2616
-2626
-2603
-2632
-2636
-2633
-2641
-2625
-2630
-2309
-2206
-2249
-1675
-1378
-1253
-1179
-1179
-1226
-1319
-1134
-1226
-2351
-2397
-2606
-2637
-2629
-2626
-2643
-2632
-2634
-2624
-2635
-2641
-2618
-2633
-2648
-2644
-2646
-2631
-2632
-2165
-1979
-2336
-2125
-1939
-1839
-1743
-1703
-1778
-1711
-1196
-1215
-2189
-2259
-2616
-2637
-2643
-2623
-2629
-2636
-2635
-2640
-2643
-2647
-2611
-2626
-2632
-2635
-2639
-2649
-2644
-2054
-1753
-2155
-2510
-2366
-2283
-2268
-2262
-2286
-2308
-1898
-1620
-1885
-1940
-2593
-2646
-2648
-2644
-2639
-2653
-2643
-2657
-2657
-2657
-2619
-2640
-2638
-2644
-2652
-2660
-2649
-2058
-1724
-2109
-2602
-2546
-2528
-2526
-2529
-2517
-2525
-2461
-2017
-1626
-1661
-2531
-2658
-2657
-2657
-2657
-2657
-2657
-2657
-2657
-2657
16830
16830
16830
16830
16830
16830
16830
16830
16830
16830
16852
16815
16764
16764
16764
16751
16830
16830
16830
16830
16830
16830
16830
16859
16793
17064
18010
17966
12132
11054
16552
16830
16830
16830
16830
16830
16830
16830
16830
16830
16830
16830
16859
16764
16764
16764
16751
16830
16830
16830
16830
16830
16830
16830
16859
16793
17245
18033
16981
8717
7792
16323
16830
16830
16830
16830
16830
16830
16830
16830
16830
16830
16830
16852
16768
16768
16768
16802
16830
16830
16830
16830
16830
16830
16830
16859
16820
17470
18475
15063
7502
6890
16118
16830
16830
16830
16830
16830
16830
16830
16830
16830
16830
16830
16830
16830
16830
16830
16830
16830
16830
16830
16830
16830
16830
16830
16859
16863
17609
18438
12845
7305
8444
15888
16830
16830
16830
16830
16830
16830
16830
16830
16830
16830
16830
16877
16825
16830
16877
16825
16830
16830
16830
16830
16830
16830
16830
16859
16950
17518
17609
11312
9382
10797
15855
16830
16830
16830
16830
16830
16830
16830
16830
16830
16877
16846
16861
16800
16785
16854
16800
16832
16825
16830
16877
16832
16825
16830
16859
17044
17452
16343
12445
11656
11779
15633
16830
16830
16830
16830
16830
16830
16830
16830
16884
16875
16813
16741
16774
16676
16781
16813
16719
16780
16832
16854
16811
16753
16825
16893
17244
17884
15284
12938
12388
11661
15213
16832
16832
16832
16832
16832
16832
16825
16877
16888
16842
16675
16715
16742
16531
16767
16644
16724
16736
16715
16766
16788
16685
16798
16910
17425
18362
14242
12729
12570
11329
14892
16766
16766
16766
16766
16766
16766
16753
16861
16788
16720
16604
16701
16607
16620
16662
16621
16742
16598
16731
16698
16698
16732
16766
16812
17706
18429
13156
10674
11825
11109
14471
16698
16698
16698
16698
16698
16698
16685
16793
16698
16720
16733
16656
16624
16755
16550
16633
16663
16639
16721
16698
16698
16698
16698
16961
17748
18133
12175
8028
10550
11018
13392
16700
16700
16700
16700
16700
16700
16695
16836
16700
16769
16811
16707
16948
16966
16012
16546
16544
16578
16571
16698
16698
16698
16745
17053
17737
17323
11417
5583
9035
10491
11882
16632
16632
16632
16632
16632
16632
16738
16918
16673
16777
16671
16553
16810
16567
13895
15579
16203
16533
16662
16693
16725
16719
16736
17226
18131
15983
10417
3679
7876
9419
10374
16679
16634
16634
16646
16634
16634
16778
16970
16472
16455
15759
15866
16247
15227
10529
12495
14151
15526
16381
16480
16644
16724
16710
17634
18371
14119
9411
3532
7421
8649
9206
16654
16615
16559
16667
16565
16617
16679
16708
16595
16084
14000
14153
14793
13963
8950
8263
9166
12357
14942
15975
16116
16433
16966
17876
17938
11744
8600
4377
6859
7692
8365
16594
16659
16612
16709
16587
16689
17113
17287
17132
15476
12112
12511
12991
11625
6339
5299
6234
9197
11483
13104
13772
14679
16792
17526
15325
9672
8226
5053
5334
5585
7455
16438
16470
16533
16593
16852
17390
17874
17108
15186
12680
10435
10887
10824
9243
5565
4803
5517
6902
8589
9813
9705
9294
13418
13741
10751
7977
7986
5399
4620
4416
6693
16455
16515
16939
17452
17845
16912
16486
12468
10745
11090
11093
11493
12166
8905
6303
5454
6127
6629
6534
6639
5701
5811
10198
10405
7630
6717
6957
5343
4803
4667
6835
16687
17363
17599
17623
16495
11654
11523
8905
9619
10869
11077
12109
12540
7139
4339
2929
5354
6395
6619
6474
4468
6650
12146
12032
9270
6877
6792
6768
6358
6106
6973
17584
17699
16842
14102
9579
7351
9914
7619
8598
11083
10993
11977
11177
5048
5882
5618
8138
8748
9112
9550
6382
9301
12861
12987
12550
9491
8363
8899
8337
7460
7227
16804
15282
10691
7495
5390
6931
10070
6247
8038
10184
9761
11249
9002
8053
10615
8628
9270
9315
9503
9736
5645
9531
12581
12698
12851
9132
6896
7764
7510
7519
8378
11865
8199
4960
4136
3241
8715
10880
6163
8704
9620
8158
9833
7653
8961
11321
7902
6588
6447
6920
6618
4803
9373
11962
12309
12775
8180
4743
5297
5302
5202
7054
11955
10488
7913
6015
5804
9929
10710
7176
7717
7369
6017
7648
6485
6888
8305
5639
6485
7300
7757
6774
6188
8448
11341
12412
12258
7403
3969
4342
4138
3315
5141
15888
14937
13137
11829
10318
11334
11527
10025
8537
8356
8780
9373
8398
7696
8802
9306
9480
8241
7708
6051
6504
7265
9590
11433
11144
7333
4690
5597
5272
2817
7467
16160
16255
16133
15974
14522
13816
14460
14687
12264
13088
13771
13605
12019
11775
11911
11833
10549
8806
6189
6596
7949
7071
9461
11970
12198
10148
9578
10052
9316
8231
13280
16165
16450
16513
16534
16015
15881
16463
16639
13887
15832
16821
15830
13289
12791
12979
12693
12144
12884
11763
13049
12783
12525
13921
15119
15171
14690
14954
15128
14273
14446
16074
16205
16519
16570
16599
16518
16586
16806
17048
14515
17362
17624
15551
12425
12018
12335
11931
13091
15744
13985
15897
14880
16251
16457
16567
16459
16482
16617
16733
16506
16389
16491
16283
16580
16646
16649
16660
16613
16843
17140
14840
17101
15908
11672
8981
8879
8863
9301
12353
14496
11949
15744
15040
16454
16617
16588
16504
16583
16567
16643
16450
16491
16658
16396
16557
16665
16604
16674
16572
16914
17494
14488
15719
12627
10418
9200
8476
7657
8647
9664
9808
8451
15566
14989
16473
16607
16653
16600
16627
16584
16588
16509
16600
16705
16461
16621
16729
16634
16649
16631
17254
18195
13778
13973
15032
14425
13161
12434
12204
12501
12470
12155
10088
15140
14288
16480
16622
16654
16592
16557
16665
16557
16636
16659
16677
16433
16567
16607
16570
16623
16744
17340
18261
12175
13710
16358
15818
15109
15017
15166
15127
15166
15031
14001
13955
12613
16377
16715
16636
16636
16670
16720
16670
16698
16698
16698
16626
16636
16683
16632
16685
16849
17416
18099
11279
13505
16469
16248
16252
16299
16290
16166
16292
16540
17183
13504
10493
16352
16759
16698
16698
16698
16698
16698
16698
16698
16698
9690
9690
9690
9690
9690
9690
9690
9690
9690
9690
9729
9708
9652
9652
9652
9700
9690
9690
9690
9690
9690
9690
9690
9656
9618
9580
8294
3863
3455
8500
9506
9690
9690
9690
9690
9690
9690
9690
9690
9690
9690
9690
9656
9652
9652
9652
9700
9690
9690
9690
9690
9690
9690
9690
9656
9618
9580
7517
3320
4753
9600
9762
9690
9690
9690
9690
9690
9690
9690
9690
9690
9690
9690
9729
9762
9762
9762
9742
9690
9690
9690
9690
9690
9690
9690
9656
9618
9537
6625
3321
5801
10033
9811
9690
9690
9690
9690
9690
9690
9690
9690
9690
9690
9690
9690
9690
9690
9690
9690
9690
9690
9690
9690
9690
9690
9690
9656
9618
9307
6095
6223
8299
10652
10041
9690
9690
9690
9690
9690
9690
9690
9690
9690
9690
9690
9653
9664
9690
9653
9667
9690
9690
9690
9690
9690
9690
9690
9656
9618
8875
6709
8167
8940
10479
9925
9690
9690
9690
9690
9690
9690
9690
9690
9690
9653
9621
9587
9563
9598
9624
9657
9621
9664
9690
9653
9621
9667
9690
9656
9618
8510
7165
7706
7837
9347
9468
9690
9690
9690
9690
9690
9690
9690
9690
9653
9587
9529
9558
9517
9568
9534
9496
9560
9598
9621
9624
9615
9631
9667
9656
9575
7846
7136
7466
7092
8802
9564
9621
9621
9621
9621
9621
9621
9667
9653
9587
9462
9553
9573
9496
9620
9584
9696
9612
9534
9578
9583
9586
9662
9657
9587
9420
6768
5506
6373
6697
8691
9633
9583
9583
9583
9583
9583
9583
9631
9587
9601
9638
9628
9548
9590
9571
9488
9555
9530
9687
9675
9614
9614
9619
9583
9586
9273
5773
3475
5197
6175
8192
9439
9614
9614
9614
9614
9614
9614
9662
9618
9614
9634
9565
9510
9575
9473
9499
9569
9493
9502
9549
9614
9614
9614
9614
9577
8712
5031
2300
4244
5568
7204
9288
9545
9545
9545
9545
9545
9545
9593
9549
9545
9545
9372
9086
8417
7381
8615
9458
9626
9640
9682
9650
9614
9614
9577
9511
8059
4281
1491
3508
5006
6127
9322
9576
9576
9576
9576
9576
9576
9573
9209
8916
8644
8488
8519
7244
4276
4885
6973
8739
9506
9607
9588
9577
9545
9511
9473
7201
3690
1958
4474
4776
5388
9568
9539
9507
9509
9507
9507
9507
9507
8973
8183
7175
6772
6974
6188
3555
2459
2619
4644
7204
8730
9461
9696
9701
9541
9209
5872
3028
2044
4151
4430
5207
9635
9579
9601
9694
9663
9622
9594
9504
9304
8458
6190
5440
5681
4728
1980
1006
1358
2792
4372
5256
6071
7605
9036
9350
8102
4276
3459
2904
2936
2687
4287
9437
9345
9363
9413
9387
9484
9547
9493
8607
6478
4615
4953
4573
3363
2385
2903
2824
2777
2481
2964
2812
2499
4185
4931
3792
2435
3614
3063
2874
2495
4274
9405
9508
9526
9481
9398
9327
8727
6245
3840
5116
6548
7174
6666
4562
3227
4196
4644
4741
3731
1978
955
1735
4338
3735
1798
2398
3016
2537
2563
3022
4672
9576
9340
9509
9369
8607
5941
3575
2316
4733
5891
6308
6597
6317
3920
1310
1051
2131
3209
3939
3879
2470
4129
8061
8410
6651
4441
4230
4286
4278
3571
3751
7750
9610
8909
6776
3200
468
3967
3455
4479
6012
6532
6583
6013
2669
3670
4814
6429
6616
6699
6822
6504
7540
9387
9045
7886
7231
6696
7404
7635
7421
6271
6113
7363
4061
660
421
3110
5015
3511
3583
5073
5054
5512
5010
5400
8150
7560
7499
7370
6775
6365
5210
6641
8118
7569
7061
5603
3973
4188
4620
5479
6786
9358
744
-239
-9
1302
4559
6159
4352
5069
5259
4291
4364
3664
5416
7689
6427
4145
2905
2447
2039
996
5149
6950
6496
5929
3894
1548
1080
1080
1690
3555
7016
6942
6021
4567
4083
6804
6974
4031
4315
3946
2034
2896
2363
2988
3694
2192
3116
4177
5126
5016
4708
5590
6416
6480
6195
3503
1760
2066
1886
1426
2296
4117
12891
12375
11214
9815
9448
8549
6887
6508
5622
6198
6691
6027
5435
5663
6066
6660
6017
5067
4207
4115
4739
5249
5798
5657
3882
2944
3449
3237
3109
5427
7902
11361
11879
12519
12294
11361
10379
10722
10798
11113
11383
11237
10163
9987
10097
9721
8615
5934
3382
2863
4529
4375
5199
6985
7633
7414
8294
8903
8389
7323
10952
12880
9794
10518
11142
11076
10861
10929
10929
10390
11038
11498
11189
9874
9749
9867
9624
9524
10612
10796
11928
12416
11578
11600
11698
11357
11629
12992
13293
12839
12496
13334
12833
9631
9651
9760
10023
10448
10562
10394
9240
10216
10569
9626
7425
6797
7100
7537
8829
11214
12189
12907
12601
11941
12554
12326
11498
11366
12158
12277
12035
12404
12677
11276
9571
9653
9660
9690
9821
9839
9648
8704
9116
8438
5142
2615
2614
2836
3241
5467
8127
8117
9698
9726
10658
10994
10716
10162
10133
10248
10215
10176
10436
10361
9908
9632
9598
9507
9592
9594
9495
9435
8421
8613
6590
4610
5143
5041
4329
4235
4237
2918
2291
7731
8712
9672
9667
9597
9577
9656
9625
9590
9510
9620
9675
9600
9654
9696
9663
9628
9542
9613
9576
8092
8234
9674
10935
10909
10685
10428
10738
10672
9027
6216
8974
8467
9448
9574
9592
9594
9488
9548
9570
9620
9684
9682
9602
9513
9555
9511
9507
9661
9680
9493
6966
7618
9895
10743
10594
10627
11041
11157
11102
11250
10227
9214
7521
9175
9639
9635
9615
9651
9718
9663
9696
9697
9667
9689
9689
9659
9651
9682
9765
9701
9533
6598
7860
9663
9877
10147
10491
10696
10659
10583
10778
10630
9290
5512
8781
9654
9710
9686
9686
9675
9653
9666
9614
9614
9634
9803
9717
9660
9610
9662
9618
9364
6951
8787
9941
9795
10066
10269
10212
10094
10045
10136
10272
8325
6240
9854
9876
9632
9614
9614
9614
9614
9614
9614
9614
9614
